0.020000 -5 -5 -5 5 5 5 1 0 1 1 0 0
"s1=1/max(sqr(x+1)+sqr(y  )+sqr(z  ),0.00002);
s2=1/max(sqr(x  )+sqr(y+1)+sqr(z  ),0.00001);
s3=1/max(sqr(x  )+sqr(y  )+sqr(z+1),0.00001);
s4=1/max(sqr(x+1)+sqr(y+1)+sqr(z+1),0.00001);
5 - s1 - s2 - s3- s4"
