<IsoSurface><expr>s1=1/max(sqr(x+1)+sqr(y  )+sqr(z  ),0.00002);
s2=1/max(sqr(x  )+sqr(y+1)+sqr(z  ),0.00001);
s3=1/max(sqr(x  )+sqr(y  )+sqr(z+1),0.00001);
s4=1/max(sqr(x+1)+sqr(y+1)+sqr(z+1),0.00001);
5 - s1 - s2 - s3- s4</expr><cellsize>2.000000000000000e-02</cellsize><boundingbox><lbn><x>-5.000000000000000e+00</x><y>-5.000000000000000e+00</y><z>-5.000000000000000e+00</z></lbn><rtf><x>5.000000000000000e+00</x><y>5.000000000000000e+00</y><z>5.000000000000000e+00</z></rtf></boundingbox><tetrahedral>1</tetrahedral><adaptivecellsize>0</adaptivecellsize><originoutside>1</originoutside><machinecode>1</machinecode><doublesided>0</doublesided><includetime>0</includetime></IsoSurface>
